Dry bulb temperature, Total radiation on surface, Beam radiation on surface, Angle of incidence on surface, Sun zenith angle, Sun azimuth angle, Relative humidity, Wind speed, Effective sky temperature, Ground reflectance, Flap State Code, Indoor Air Temp, Outlet Air Temperature, Wall Temperature
38.72	501.42	501.42	90	89	180	21.55	0	38.72	0.2	0	30.97	28.251	23.529
39.25	487.54	487.54	90	89	180	21.03	0	39.25	0.2	0	31.08	28.363	23.579
38.98	490.23	490.23	90	89	180	20.9	0	38.98	0.2	0	31.06	28.458	23.631
39.57	486.04	486.04	90	89	180	20.45	0	39.57	0.2	0	31.4	28.549	23.68
39.27	517.08	517.08	90	89	180	21.19	0	39.27	0.2	0	31.56	28.644	23.733
40.47	504.84	504.84	90	89	180	20.02	0	40.47	0.2	0	31.71	28.726	23.782
39.82	505.08	505.08	90	89	180	21.55	0	39.82	0.2	0	31.87	28.812	23.834
38.95	528.85	528.85	90	89	180	21.97	0	38.95	0.2	0	32.02	28.887	23.893
39.14	522.64	522.64	90	89	180	21.99	0	39.14	0.2	0	32.21	28.966	23.952
39.59	510.8	510.8	90	89	180	21.2	0	39.59	0.2	0	32.36	29.034	24.001
39.12	494.87	494.87	90	89	180	21.54	0	39.12	0.2	0	32.53	29.103	24.054
39.29	493.54	493.54	90	89	180	21.52	0	39.29	0.2	0	32.69	29.172	24.113
39.31	486.94	486.94	90	89	180	20.87	0	39.31	0.2	0	32.85	29.247	24.162
39.33	493.78	493.78	90	89	180	20.97	0	39.33	0.2	0	33.03	29.306	24.221
38.94	479.83	479.83	90	89	180	21.55	0	38.94	0.2	0	33.2	29.382	24.273
39.32	465.96	465.96	90	89	180	21.56	0	39.32	0.2	0	33.35	29.424	24.322
38.91	447.42	447.42	90	89	180	22.02	0	38.91	0.2	0	33.54	29.493	24.375
38.62	454.66	454.66	90	89	180	22.25	0	38.62	0.2	0	33.7	29.526	24.434
38.33	453.66	453.66	90	89	180	22.31	0	38.33	0.2	0	33.89	29.585	24.483
37.87	447.44	447.44	90	89	180	25.35	0	37.87	0.2	0	34.03	29.634	24.535
38.05	414.76	414.76	90	89	180	24.4	0	38.05	0.2	0	34.19	29.683	24.585
37.93	426.16	426.16	90	89	180	23.12	0	37.93	0.2	0	34.35	29.719	24.627
37.62	421.57	421.57	90	89	180	25.37	0	37.62	0.2	0	34.49	29.762	24.68
37.43	409.76	409.76	90	89	180	26.0	0	37.43	0.2	0	34.65	29.795	24.722
37.23	387.09	387.09	90	89	180	24.56	0	37.23	0.2	0	34.8	29.821	24.762
36.37	340.54	340.54	90	89	180	28.91	0	36.37	0.2	0	34.92	29.837	24.804
35.74	337.0	337.0	90	89	180	31.49	0	35.74	0.2	0	34.77	29.844	24.847
35.12	333.56	333.56	90	89	180	32.93	0	35.12	0.2	0	35.18	29.854	24.883
34.49	332.96	332.96	90	89	180	34.63	0	34.49	0.2	0	35.3	29.837	24.916
34.04	346.05	346.05	90	89	180	34.29	0	34.04	0.2	0	35.43	29.863	24.948
34.03	353.42	353.42	90	89	180	35.27	0	34.03	0.2	0	35.54	29.88	24.975
33.63	338.92	338.92	90	89	180	37.05	0	33.63	0.2	0	35.66	29.89	25.001
33.06	337.23	337.23	90	89	180	37.57	0	33.06	0.2	0	35.74	29.89	25.027
32.61	329.45	329.45	90	89	180	38.81	0	32.61	0.2	0	35.85	29.87	25.053
32.45	329.07	329.07	90	89	180	37.48	0	32.45	0.2	0	35.94	29.854	25.07
32.1	328.3	328.3	90	89	180	37.79	0	32.1	0.2	0	35.82	29.827	25.096
31.77	324.48	324.48	90	89	180	38.26	0	31.77	0.2	0	36.09	29.811	25.112
31.62	324.97	324.97	90	89	180	37.64	0	31.62	0.2	0	36.19	29.785	25.129
31.29	323.56	323.56	90	89	180	37.69	0	31.29	0.2	0	36.24	29.762	25.145
31.13	325.78	325.78	90	89	180	38.32	0	31.13	0.2	0	36.31	29.736	25.155
30.91	323.49	323.49	90	89	180	39.4	0	30.91	0.2	0	36.38	29.719	25.171
30.68	322.08	322.08	90	89	180	39.42	0	30.68	0.2	0	36.41	29.693	25.178
30.43	325.4	325.4	90	89	180	40.3	0	30.43	0.2	0	36.46	29.677	25.187
30.29	321.32	321.32	90	89	180	40.54	0	30.29	0.2	0	36.5	29.65	25.197
30.16	323.52	323.52	90	89	180	40.42	0	30.16	0.2	0	36.52	29.634	25.204
29.97	320.8	320.8	90	89	180	40.24	0	29.97	0.2	0	36.57	29.608	25.214
29.78	322.23	322.23	90	89	180	40.54	0	29.78	0.2	0	36.57	29.585	25.214
29.61	321.36	321.36	90	89	180	40.41	0	29.61	0.2	0	36.59	29.559	25.22
29.34	324.11	324.11	90	89	180	40.59	0	29.34	0.2	0	36.59	29.532	25.22
29.15	325.99	325.99	90	89	180	40.9	0	29.15	0.2	0	36.59	29.516	25.22
28.89	326.44	326.44	90	89	180	40.47	0	28.89	0.2	0	36.58	29.493	25.22
28.75	326.66	326.66	90	89	180	40.96	0	28.75	0.2	0	36.58	29.467	25.214
28.46	324.48	324.48	90	89	180	42.45	0	28.46	0.2	0	36.57	29.441	25.214
28.39	322.04	322.04	90	89	180	42.5	0	28.39	0.2	0	36.53	29.398	25.204
28.37	322.73	322.73	90	89	180	42.7	0	28.37	0.2	0	36.51	29.382	25.204
28.01	326.12	326.12	90	89	180	42.88	0	28.01	0.2	0	36.48	29.349	25.197
27.74	326.14	326.14	90	89	180	43.48	0	27.74	0.2	0	36.45	29.323	25.187
27.64	323.88	323.88	90	89	180	43.94	0	27.64	0.2	0	36.41	29.3	25.178
27.56	321.4	321.4	90	89	180	44.4	0	27.56	0.2	0	36.38	29.264	25.171
27.39	318.97	318.97	90	89	180	44.62	0	27.39	0.2	0	36.32	29.221	25.155
27.13	317.94	317.94	90	89	180	46.21	0	27.13	0.2	0	36.29	29.188	25.145
27.08	316.7	316.7	90	89	180	46.25	0	27.08	0.2	0	36.24	29.146	25.129
26.95	317.73	317.73	90	89	180	46.61	0	26.95	0.2	0	36.21	29.113	25.112
26.62	318.64	318.64	90	89	180	47.04	0	26.62	0.2	0	35.92	29.087	25.102
26.39	316.53	316.53	90	89	180	47.18	0	26.39	0.2	0	36.08	29.051	25.086
26.28	314.74	314.74	90	89	180	47.84	0	26.28	0.2	0	35.74	29.018	25.07
26.38	315.29	315.29	90	89	180	47.83	0	26.38	0.2	0	35.99	28.982	25.053
26.35	318.28	318.28	90	89	180	47.94	0	26.35	0.2	0	35.78	28.956	25.027
26.02	315.4	315.4	90	89	180	48.93	0	26.02	0.2	0	35.86	28.929	25.011
25.82	314.76	314.76	90	89	180	49.53	0	25.82	0.2	0	35.8	28.897	24.991
25.72	317.28	317.28	90	89	180	49.91	0	25.72	0.2	0	35.72	28.871	24.975
25.45	318.26	318.26	90	89	180	50.86	0	25.45	0.2	0	35.67	28.838	24.948
25.14	315.33	315.33	90	89	180	52.39	0	25.14	0.2	0	35.58	28.812	24.925
25.18	314.89	314.89	90	89	180	52.49	0	25.18	0.2	0	35.53	28.785	24.899
25.0	315.7	315.7	90	89	180	51.97	0	25.0	0.2	0	35.46	28.753	24.883
25.28	314.03	314.03	90	89	180	51.39	0	25.28	0.2	0	35.38	28.736	24.857
25.08	317.11	317.11	90	89	180	52.09	0	25.08	0.2	0	35.31	28.71	24.83
24.83	316.98	316.98	90	89	180	52.7	0	24.83	0.2	0	35.24	28.684	24.804
24.5	311.15	311.15	90	89	180	54.55	0	24.5	0.2	0	35.16	28.661	24.781
24.19	311.57	311.57	90	89	180	56.65	0	24.19	0.2	0	35.07	28.635	24.755
24.06	313.24	313.24	90	89	180	56.4	0	24.06	0.2	0	34.99	28.608	24.729
23.85	316.53	316.53	90	89	180	56.85	0	23.85	0.2	0	34.9	28.585	24.703
23.67	314.99	314.99	90	89	180	57.19	0	23.67	0.2	0	34.82	28.549	24.68
23.45	313.5	313.5	90	89	180	57.82	0	23.45	0.2	0	34.75	28.526	24.653
23.52	310.98	310.98	90	89	180	57.94	0	23.52	0.2	0	34.68	28.49	24.627
23.34	311.83	311.83	90	89	180	59.62	0	23.34	0.2	0	34.57	28.464	24.594
23.21	311.96	311.96	90	89	180	59.53	0	23.21	0.2	0	34.47	28.431	24.568
23.23	312.94	312.94	90	89	180	59.43	0	23.23	0.2	0	34.4	28.395	24.535
22.92	315.78	315.78	90	89	180	60.15	0	22.92	0.2	0	34.33	28.363	24.509
22.79	317.15	317.15	90	89	180	59.97	0	22.79	0.2	0	34.23	28.327	24.476
22.8	318.43	318.43	90	89	180	60.77	0	22.8	0.2	0	34.16	28.294	24.45
22.91	318.18	318.18	90	89	180	61.38	0	22.91	0.2	0	34.07	28.268	24.417
22.96	319.52	319.52	90	89	180	62.07	0	22.96	0.2	0	33.99	28.232	24.381
22.99	317.56	317.56	90	89	180	62.46	0	22.99	0.2	0	33.89	28.199	24.355
23.04	320.91	320.91	90	89	180	62.76	0	23.04	0.2	0	33.84	28.173	24.322
23.01	319.33	319.33	90	89	180	63.2	0	23.01	0.2	0	33.75	28.14	24.296
23.11	320.91	320.91	90	89	180	62.85	0	23.11	0.2	0	33.37	28.114	24.263
23.37	324.71	324.71	90	89	180	62.48	0	23.37	0.2	0	33.54	28.097	24.237
23.79	326.21	326.21	90	89	180	59.41	0	23.79	0.2	0	33.35	28.038	24.178
23.99	325.89	325.89	90	89	180	58.75	0	23.99	0.2	0	33.28	28.012	24.155
24.31	328.64	328.64	90	89	180	57.2	0	24.31	0.2	0	33.19	27.989	24.119
24.7	332.59	332.59	90	89	180	55.97	0	24.7	0.2	1	33.11	27.963	24.096
25.02	332.87	332.87	90	89	180	55.16	0	25.02	0.2	1	32.86	27.946	24.06
25.19	334.07	334.07	90	89	180	55.0	0	25.19	0.2	1	32.68	27.93	24.037
25.54	336.03	336.03	90	89	180	53.87	0	25.54	0.2	1	32.56	27.894	24.001
26.08	335.39	335.39	90	89	180	52.33	0	26.08	0.2	1	32.47	27.871	23.978
26.33	336.85	336.85	90	89	180	52.33	0	26.33	0.2	1	32.36	27.845	23.952
27.01	336.59	336.59	90	89	180	50.52	0	27.01	0.2	1	32.28	27.819	23.926
27.47	336.65	336.65	90	89	180	49.16	0	27.47	0.2	1	32.21	27.802	23.893
27.89	337.96	337.96	90	89	180	47.73	0	27.89	0.2	1	32.14	27.776	23.877
28.41	339.54	339.54	90	89	180	45.71	0	28.41	0.2	1	32.1	27.76	23.857
29.12	341.91	341.91	90	89	180	42.93	0	29.12	0.2	1	32.05	27.743	23.834
29.63	342.87	342.87	90	89	180	41.42	0	29.63	0.2	1	32.01	27.737	23.824
29.91	348.15	348.15	90	89	180	39.72	0	29.91	0.2	0	31.97	27.727	23.808
30.37	367.69	367.69	90	89	180	38.59	0	30.37	0.2	0	32.02	27.776	23.798
30.97	787.53	787.53	90	89	180	36.6	0	30.97	0.2	0	32.05	27.829	23.798
32.08	784.26	784.26	90	89	180	32.63	0	32.08	0.2	0	32.09	28.038	23.808
33.14	798.68	798.68	90	89	180	28.14	0	33.14	0.2	0	32.11	28.284	23.824
33.73	835.0	835.0	90	89	180	27.02	0	33.73	0.2	0	32.14	28.484	23.851
34.34	819.3	819.3	90	89	180	22.52	0	34.34	0.2	0	32.19	28.602	23.893
34.69	758.1	758.1	90	89	180	24.34	0	34.69	0.2	0	32.22	28.635	23.926
35.29	771.58	771.58	90	89	180	23.05	0	35.29	0.2	0	32.28	28.694	23.978
35.66	678.07	678.07	90	89	180	22.75	0	35.66	0.2	0	32.33	28.7	24.028
36.02	797.94	797.94	90	89	180	20.3	0	36.02	0.2	0	32.4	28.743	24.077
36.52	761.94	761.94	90	89	180	21.41	0	36.52	0.2	0	32.49	28.88	24.146
36.94	747.59	747.59	90	89	180	21.58	0	36.94	0.2	0	32.58	28.966	24.204
37.06	775.4	775.4	90	89	180	21.84	0	37.06	0.2	0	32.69	29.087	24.273
37.57	709.05	709.05	90	89	180	21.29	0	37.57	0.2	0	32.79	29.231	24.339
38.15	705.14	705.14	90	89	180	21.2	0	38.15	0.2	0	32.92	29.382	24.408
37.47	784.78	784.78	90	89	180	21.67	0	37.47	0.2	0	33.04	29.45	24.483
37.43	771.43	771.43	90	89	180	21.09	0	37.43	0.2	0	33.16	29.585	24.552
38.15	738.66	738.66	90	89	180	20.54	0	38.15	0.2	0	33.32	29.66	24.627
38.23	702.47	702.47	90	89	180	20.83	0	38.23	0.2	0	33.47	29.601	24.696
38.09	801.63	801.63	90	89	180	20.05	0	38.09	0.2	0	33.61	29.703	24.771
38.35	806.44	806.44	90	89	180	19.08	0	38.35	0.2	0	33.78	29.801	24.83
38.9	627.01	627.01	90	89	180	17.91	0	38.9	0.2	0	33.89	29.896	24.889
39.55	512.72	512.72	90	89	180	18.36	0	39.55	0.2	0	34.05	29.975	24.948
39.42	535.86	535.86	90	89	180	19.27	0	39.42	0.2	1	34.2	30.034	25.001
38.58	522.47	522.47	90	89	180	19.71	0	38.58	0.2	1	34.39	30.578	25.053
39.64	502.58	502.58	90	89	180	19.22	0	39.64	0.2	1	34.57	30.637	25.112
39.07	511.74	511.74	90	89	180	18.25	0	39.07	0.2	1	34.68	30.683	25.161
39.9	515.05	515.05	90	89	180	17.02	0	39.9	0.2	1	34.93	30.725	25.214
39.8	494.42	494.42	90	89	180	16.83	0	39.8	0.2	1	34.82	30.758	25.263
41.22	475.15	475.15	90	89	180	15.93	0	41.22	0.2	1	35.29	30.794	25.315
40.21	495.83	495.83	90	89	180	16.17	0	40.21	0.2	1	35.43	30.81	25.364
40.36	500.1	500.1	90	89	180	16.51	0	40.36	0.2	1	35.58	30.886	25.407
40.17	517.62	517.62	90	89	180	16.68	0	40.17	0.2	1	35.75	30.896	25.459
39.85	542.87	542.87	90	89	180	16.6	0	39.85	0.2	1	35.93	30.896	25.509
40.02	528.38	528.38	90	89	180	15.68	0	40.02	0.2	1	36.09	30.902	25.551
40.69	543.42	543.42	90	89	180	15.37	0	40.69	0.2	-1	36.25	30.971	25.594
41.55	511.59	511.59	90	89	180	14.85	0	41.55	0.2	-1	36.4	30.587	25.636
41.58	508.37	508.37	90	89	180	15.01	0	41.58	0.2	-1	36.53	30.551	25.672
41.68	482.22	482.22	90	89	180	14.87	0	41.68	0.2	-1	36.68	30.551	25.715
41.71	485.81	485.81	90	89	180	14.7	0	41.71	0.2	-1	36.69	30.551	25.748
41.47	485.79	485.79	90	89	180	14.7	0	41.47	0.2	-1	36.91	30.561	25.79
40.75	497.17	497.17	90	89	180	14.95	0	40.75	0.2	-1	36.78	30.578	25.823
40.87	478.39	478.39	90	89	180	15.28	0	40.87	0.2	-1	37.05	30.614	25.866
40.58	490.19	490.19	90	89	180	14.22	0	40.58	0.2	-1	37.33	30.646	25.902
40.84	466.56	466.56	90	89	180	14.92	0	40.84	0.2	-1	37.45	30.578	25.935
40.39	456.63	456.63	90	89	180	16.41	0	40.39	0.2	-1	37.59	30.62	25.977
40.3	462.37	462.37	90	89	180	16.01	0	40.3	0.2	-1	37.72	30.673	26.01
40.58	428.02	428.02	90	89	180	18.74	0	40.58	0.2	2	37.85	30.656	26.046
40.26	423.58	423.58	90	89	180	21.5	0	40.26	0.2	2	37.97	31.223	26.079
39.93	416.02	416.02	90	89	180	20.66	0	39.93	0.2	2	38.1	31.246	26.112
39.22	409.61	409.61	90	89	180	24.26	0	39.22	0.2	2	38.17	31.23	26.138
38.73	406.23	406.23	90	89	180	24.78	0	38.73	0.2	2	38.26	31.223	26.164
38.29	371.18	371.18	90	89	180	26.06	0	38.29	0.2	2	38.34	31.131	26.19
37.86	374.25	374.25	90	89	180	25.23	0	37.86	0.2	2	38.43	31.072	26.216
37.4	364.83	364.83	90	89	180	27.49	0	37.4	0.2	2	38.5	31.03	26.239
36.92	357.1	357.1	90	89	180	27.37	0	36.92	0.2	2	38.56	30.977	26.266
36.23	344.71	344.71	90	89	180	28.95	0	36.23	0.2	2	38.64	30.928	26.282
35.66	349.04	349.04	90	89	180	29.22	0	35.66	0.2	2	38.71	30.879	26.298
35.17	345.33	345.33	90	89	180	30.2	0	35.17	0.2	2	38.76	30.837	26.318
35.01	346.87	346.87	90	89	180	30.48	0	35.01	0.2	-1	38.82	30.804	26.334
34.41	345.71	345.71	90	89	180	31.59	0	34.41	0.2	-1	38.86	30.81	26.341
34.06	333.28	333.28	90	89	180	30.72	0	34.06	0.2	-1	38.91	30.784	26.351
33.55	328.17	328.17	90	89	180	31.59	0	33.55	0.2	-1	38.95	30.758	26.361
32.96	325.84	325.84	90	89	180	32.19	0	32.96	0.2	-1	39.0	30.741	26.367
32.53	324.5	324.5	90	89	180	32.95	0	32.53	0.2	-1	39.02	30.715	26.367
32.17	322.9	322.9	90	89	180	34.13	0	32.17	0.2	-1	39.03	30.683	26.367
31.74	321.12	321.12	90	89	180	34.23	0	31.74	0.2	-1	39.05	30.646	26.367
31.38	323.05	323.05	90	89	180	34.74	0	31.38	0.2	-1	39.05	30.604	26.367
31.19	324.61	324.61	90	89	180	35.0	0	31.19	0.2	-1	39.05	30.578	26.361
31.07	327.36	327.36	90	89	180	34.94	0	31.07	0.2	-1	39.04	30.535	26.361
30.92	328.92	328.92	90	89	180	34.87	0	30.92	0.2	-1	39.01	30.492	26.341
30.62	324.56	324.56	90	89	180	35.73	0	30.62	0.2	2	38.98	30.456	26.334
30.48	326.87	326.87	90	89	180	36.24	0	30.48	0.2	2	38.64	30.332	26.318
30.37	329.07	329.07	90	89	180	36.29	0	30.37	0.2	2	38.17	30.289	26.298
30.2	326.68	326.68	90	89	180	36.86	0	30.2	0.2	2	38.16	30.24	26.275
30.13	327.25	327.25	90	89	180	37.29	0	30.13	0.2	2	37.91	30.188	26.249
29.89	330.44	330.44	90	89	180	37.93	0	29.89	0.2	2	37.95	30.139	26.216
29.88	326.66	326.66	90	89	180	37.4	0	29.88	0.2	2	37.82	30.086	26.19
29.67	329.75	329.75	90	89	180	37.19	0	29.67	0.2	2	37.7	30.034	26.148
29.21	331.93	331.93	90	89	180	37.34	0	29.21	0.2	2	37.35	29.975	26.121
29.14	327.0	327.0	90	89	180	37.4	0	29.14	0.2	2	37.44	29.922	26.079
28.94	326.57	326.57	90	89	180	37.83	0	28.94	0.2	2	37.32	29.87	26.046
28.87	321.34	321.34	90	89	180	37.91	0	28.87	0.2	2	37.19	29.821	26.01
28.62	323.0	323.0	90	89	180	39.22	0	28.62	0.2	-1	37.06	29.778	25.967
27.82	320.97	320.97	90	89	180	40.06	0	27.82	0.2	-1	37.2	29.844	25.944
27.92	321.38	321.38	90	89	180	39.67	0	27.92	0.2	-1	37.24	29.821	25.908
27.86	323.0	323.0	90	89	180	40.07	0	27.86	0.2	-1	37.24	29.801	25.876
27.72	321.98	321.98	90	89	180	40.6	0	27.72	0.2	-1	37.24	29.785	25.849
27.75	320.95	320.95	90	89	180	41.3	0	27.75	0.2	-1	37.2	29.762	25.817
27.57	319.18	319.18	90	89	180	41.44	0	27.57	0.2	-1	37.17	29.726	25.79
27.08	323.22	323.22	90	89	180	42.57	0	27.08	0.2	-1	37.13	29.693	25.758
27.09	322.45	322.45	90	89	180	42.77	0	27.09	0.2	-1	37.07	29.66	25.722
26.79	323.41	323.41	90	89	180	43.51	0	26.79	0.2	-1	37.01	29.627	25.695
26.64	325.84	325.84	90	89	180	43.85	0	26.64	0.2	-1	36.88	29.591	25.663
26.49	321.53	321.53	90	89	180	44.71	0	26.49	0.2	-1	36.88	29.559	25.63
26.48	321.06	321.06	90	89	180	44.4	0	26.48	0.2	1	36.8	29.526	25.594
26.74	314.93	314.93	90	89	180	44.76	0	26.74	0.2	1	36.44	29.473	25.561
26.49	316.83	316.83	90	89	180	45.94	0	26.49	0.2	1	36.26	29.45	25.518
26.21	314.44	314.44	90	89	180	46.65	0	26.21	0.2	1	36.12	29.414	25.486
26.01	314.01	314.01	90	89	180	48.24	0	26.01	0.2	1	36.01	29.375	25.443
25.78	318.86	318.86	90	89	180	49.27	0	25.78	0.2	1	35.88	29.323	25.407
25.81	317.6	317.6	90	89	180	50.25	0	25.81	0.2	1	35.77	29.28	25.358
25.59	320.52	320.52	90	89	180	50.98	0	25.59	0.2	1	35.67	29.231	25.322
25.6	316.49	316.49	90	89	180	50.51	0	25.6	0.2	1	35.25	29.188	25.289
25.49	318.35	318.35	90	89	180	51.01	0	25.49	0.2	1	35.47	29.146	25.256
25.43	314.29	314.29	90	89	180	50.22	0	25.43	0.2	1	35.36	29.113	25.214
25.52	314.29	314.29	90	89	180	50.02	0	25.52	0.2	1	35.28	29.061	25.178
25.47	313.99	313.99	90	89	180	51.33	0	25.47	0.2	1	35.16	29.025	25.145
25.21	316.66	316.66	90	89	180	51.27	0	25.21	0.2	1	35.06	28.992	25.102
25.19	315.1	315.1	90	89	180	51.24	0	25.19	0.2	1	34.95	28.949	25.07
25.4	314.18	314.18	90	89	180	50.26	0	25.4	0.2	1	34.86	28.913	25.033
25.46	315.23	315.23	90	89	180	50.37	0	25.46	0.2	1	34.76	28.871	25.001
25.39	312.21	312.21	90	89	180	49.97	0	25.39	0.2	1	34.68	28.838	24.958
25.0	311.36	311.36	90	89	180	50.15	0	25.0	0.2	1	34.56	28.795	24.932
24.55	315.18	315.18	90	89	180	52.28	0	24.55	0.2	1	34.46	28.759	24.889
24.88	313.69	313.69	90	89	180	50.95	0	24.88	0.2	1	34.36	28.726	24.857
25.22	311.6	311.6	90	89	180	50.27	0	25.22	0.2	1	34.26	28.694	24.824
25.1	312.41	312.41	90	89	180	51.06	0	25.1	0.2	1	34.17	28.651	24.788
25.19	316.47	316.47	90	89	180	51.23	0	25.19	0.2	1	34.08	28.618	24.755
25.3	317.51	317.51	90	89	180	51.26	0	25.3	0.2	2	33.99	28.585	24.722
25.21	318.88	318.88	90	89	180	51.07	0	25.21	0.2	2	33.89	28.549	24.696
24.89	317.73	317.73	90	89	180	53.01	0	24.89	0.2	2	33.84	28.5	24.66
24.46	320.4	320.4	90	89	180	55.92	0	24.46	0.2	2	33.72	28.458	24.627
24.6	324.31	324.31	90	89	180	55.5	0	24.6	0.2	2	33.63	28.395	24.601
24.81	326.83	326.83	90	89	180	54.92	0	24.81	0.2	2	33.52	28.336	24.568
25.31	331.01	331.01	90	89	180	52.88	0	25.31	0.2	2	33.44	28.294	24.535
25.38	330.76	330.76	90	89	180	53.57	0	25.38	0.2	2	33.32	28.268	24.509
25.61	329.54	329.54	90	89	180	52.08	0	25.61	0.2	2	33.27	28.225	24.476
25.95	334.86	334.86	90	89	180	51.13	0	25.95	0.2	2	33.19	28.182	24.45
25.98	335.97	335.97	90	89	180	52.0	0	25.98	0.2	2	33.12	28.146	24.424
26.57	339.2	339.2	90	89	180	49.89	0	26.57	0.2	2	32.9	28.114	24.391
26.9	347.31	347.31	90	89	180	48.8	0	26.9	0.2	-1	32.97	28.081	24.365
27.46	354.13	354.13	90	89	180	47.35	0	27.46	0.2	-1	33.14	28.182	24.349
27.71	342.23	342.23	90	89	180	46.9	0	27.71	0.2	-1	33.16	28.156	24.322
27.98	352.55	352.55	90	89	180	45.99	0	27.98	0.2	-1	32.97	28.14	24.306
28.28	357.01	357.01	90	89	180	45.23	0	28.28	0.2	-1	33.16	28.114	24.29
28.72	354.06	354.06	90	89	180	44.58	0	28.72	0.2	-1	33.15	28.104	24.273
28.93	355.43	355.43	90	89	180	44.14	0	28.93	0.2	-1	33.14	28.097	24.257
29.23	359.6	359.6	90	89	180	43.01	0	29.23	0.2	-1	33.13	28.081	24.237
29.77	383.31	383.31	90	89	180	38.97	0	29.77	0.2	-1	33.12	28.071	24.231
30.47	387.6	387.6	90	89	180	37.79	0	30.47	0.2	-1	33.11	28.055	24.214
31.04	384.78	384.78	90	89	180	36.9	0	31.04	0.2	-1	33.09	28.045	24.204
31.18	396.47	396.47	90	89	180	37.31	0	31.18	0.2	-1	33.09	28.045	24.198
31.32	378.16	378.16	90	89	180	36.88	0	31.32	0.2	-1	33.09	28.045	24.198
31.46	427.38	427.38	90	89	180	36.96	0	31.46	0.2	-1	33.09	28.064	24.198
31.86	726.69	726.69	90	89	180	35.87	0	31.86	0.2	-1	33.13	28.097	24.198
32.5	796.1	796.1	90	89	180	34.23	0	32.5	0.2	-1	33.15	28.189	24.204
33.23	614.54	614.54	90	89	180	32.73	0	33.23	0.2	-1	33.17	28.199	24.231
33.38	625.67	625.67	90	89	180	33.48	0	33.38	0.2	-1	33.2	28.284	24.257
33.23	671.98	671.98	90	89	180	32.84	0	33.23	0.2	-1	33.23	28.336	24.273
34.13	815.65	815.65	90	89	180	31.33	0	34.13	0.2	-1	33.28	28.422	24.306
34.19	798.6	798.6	90	89	180	32.46	0	34.19	0.2	-1	33.32	28.526	24.339
34.65	760.74	760.74	90	89	180	31.26	0	34.65	0.2	-1	33.39	28.635	24.381
34.73	780.61	780.61	90	89	180	30.9	0	34.73	0.2	-1	33.45	28.743	24.417
34.46	871.02	871.02	90	89	180	30.95	0	34.46	0.2	-1	33.52	28.838	24.476
35.08	806.95	806.95	90	89	180	29.73	0	35.08	0.2	-1	33.6	28.998	24.516
35.56	544.64	544.64	90	89	180	28.6	0	35.56	0.2	-1	33.67	29.146	24.568
36.28	788.22	788.22	90	89	180	27.45	0	36.28	0.2	-1	33.78	29.274	24.627
36.9	718.38	718.38	90	89	180	26.36	0	36.9	0.2	-1	33.88	29.365	24.68
37.47	746.71	746.71	90	89	180	25.69	0	37.47	0.2	-1	33.94	29.483	24.722
37.79	652.8	652.8	90	89	180	25.55	0	37.79	0.2	-1	34.05	29.532	24.771
37.44	673.56	673.56	90	89	180	25.64	0	37.44	0.2	-1	34.15	29.644	24.824
38.24	552.05	552.05	90	89	180	25.03	0	38.24	0.2	-1	34.26	29.762	24.873
39.07	517.85	517.85	90	89	180	24.0	0	39.07	0.2	-1	34.08	29.844	24.932
39.03	626.59	626.59	90	89	180	22.63	0	39.03	0.2	-1	34.48	29.912	24.975
39.54	518.58	518.58	90	89	180	22.42	0	39.54	0.2	-1	34.61	29.981	25.027
39.55	477.88	477.88	90	89	180	22.33	0	39.55	0.2	-1	34.73	30.034	25.07
39.84	493.46	493.46	90	89	180	22.17	0	39.84	0.2	-1	34.84	30.096	25.112
40.06	475.38	475.38	90	89	180	21.55	0	40.06	0.2	-1	34.96	30.148	25.161
40.21	474.02	474.02	90	89	180	20.84	0	40.21	0.2	-1	35.1	30.204	25.204
40.23	473.27	473.27	90	89	180	21.22	0	40.23	0.2	-1	35.24	30.247	25.24
40.44	471.94	471.94	90	89	180	21.49	0	40.44	0.2	-1	35.35	30.299	25.283
40.46	464.91	464.91	90	89	180	21.96	0	40.46	0.2	-1	35.49	30.338	25.322
40.41	465.28	465.28	90	89	180	22.18	0	40.41	0.2	-1	35.65	30.407	25.364
40.6	454.6	454.6	90	89	180	21.7	0	40.6	0.2	-1	35.76	30.466	25.4
39.06	363.36	363.36	90	89	180	23.84	0	39.06	0.2	-1	35.89	30.492	25.443
38.59	398.63	398.63	90	89	180	23.5	0	38.59	0.2	-1	36.03	30.519	25.476
38.04	379.31	379.31	90	89	180	24.41	0	38.04	0.2	-1	36.19	30.525	25.518
38.3	400.06	400.06	90	89	180	24.51	0	38.3	0.2	-1	36.32	30.535	25.551
38.41	387.92	387.92	90	89	180	24.29	0	38.41	0.2	-1	36.4	30.545	25.587
39.73	494.25	494.25	90	89	180	23.0	0	39.73	0.2	-1	36.61	30.568	25.62
39.89	461.09	461.09	90	89	180	22.58	0	39.89	0.2	-1	36.7	30.578	25.663
39.2	453.21	453.21	90	89	180	24.0	0	39.2	0.2	-1	36.82	30.604	25.695
39.74	451.29	451.29	90	89	180	23.29	0	39.74	0.2	-1	36.96	30.637	25.731
39.98	448.57	448.57	90	89	180	22.99	0	39.98	0.2	-1	37.08	30.646	25.764
39.62	440.28	440.28	90	89	180	23.29	0	39.62	0.2	-1	37.2	30.646	25.8
39.34	435.09	435.09	90	89	180	23.66	0	39.34	0.2	-1	37.33	30.663	25.84
39.6	428.6	428.6	90	89	180	23.68	0	39.6	0.2	-1	37.44	30.673	25.876
39.37	397.56	397.56	90	89	180	23.4	0	39.37	0.2	-1	37.57	30.683	25.908
38.85	385.3	385.3	90	89	180	24.43	0	38.85	0.2	-1	37.68	30.715	25.944
38.2	355.62	355.62	90	89	180	25.38	0	38.2	0.2	-1	37.8	30.768	25.967
37.55	333.36	333.36	90	89	180	30.27	0	37.55	0.2	-1	37.91	30.896	26.003
36.62	332.96	332.96	90	89	180	31.76	0	36.62	0.2	-1	38.0	30.918	26.036
35.86	332.02	332.02	90	89	180	33.07	0	35.86	0.2	-1	38.11	30.853	26.062
35.35	336.21	336.21	90	89	180	33.34	0	35.35	0.2	-1	38.23	30.794	26.095
35.01	336.38	336.38	90	89	180	34.64	0	35.01	0.2	-1	38.32	30.768	26.121
34.78	349.28	349.28	90	89	180	34.75	0	34.78	0.2	-1	38.42	30.741	26.138
35.15	371.77	371.77	90	89	180	35.27	0	35.15	0.2	-1	38.49	30.715	26.154
35.27	386.41	386.41	90	89	180	34.56	0	35.27	0.2	-1	38.55	30.709	26.18
36.04	385.34	385.34	90	89	180	28.78	0	36.04	0.2	-1	38.63	30.689	26.19
36.34	370.96	370.96	90	89	180	27.7	0	36.34	0.2	-1	38.71	30.663	26.207
36.29	351.33	351.33	90	89	180	29.05	0	36.29	0.2	-1	38.77	30.637	26.223
36.3	346.29	346.29	90	89	180	27.83	0	36.3	0.2	-1	38.51	30.62	26.239
35.67	327.21	327.21	90	89	180	28.95	0	35.67	0.2	2	38.87	30.587	26.249
34.77	318.77	318.77	90	89	180	32.15	0	34.77	0.2	2	38.91	30.551	26.266
34.17	321.32	321.32	90	89	180	34.13	0	34.17	0.2	2	38.95	30.509	26.275
33.65	320.8	320.8	90	89	180	34.56	0	33.65	0.2	2	38.99	30.492	26.275
33.23	319.41	319.41	90	89	180	34.78	0	33.23	0.2	2	38.96	30.417	26.282
32.87	316.06	316.06	90	89	180	35.09	0	32.87	0.2	2	38.91	30.397	26.292
32.6	312.75	312.75	90	89	180	35.19	0	32.6	0.2	2	38.86	30.375	26.292
32.27	311.19	311.19	90	89	180	35.76	0	32.27	0.2	2	38.78	30.338	26.282
31.95	310.98	310.98	90	89	180	35.75	0	31.95	0.2	2	38.72	30.299	26.282
31.72	312.09	312.09	90	89	180	36.73	0	31.72	0.2	2	38.63	30.263	26.275
31.7	310.53	310.53	90	89	180	36.75	0	31.7	0.2	2	38.55	30.23	26.266
31.39	311.08	311.08	90	89	180	37.21	0	31.39	0.2	2	38.48	30.198	26.249
30.99	311.25	311.25	90	89	180	38.54	0	30.99	0.2	2	38.41	30.155	26.239
30.72	311.15	311.15	90	89	180	39.22	0	30.72	0.2	2	38.33	30.103	26.216
30.51	307.69	307.69	90	89	180	40.12	0	30.51	0.2	2	38.26	30.07	26.197
30.39	309.61	309.61	90	89	180	40.55	0	30.39	0.2	2	38.17	30.027	26.18
30.19	309.07	309.07	90	89	180	40.95	0	30.19	0.2	2	38.1	29.991	26.154
30.0	308.2	308.2	90	89	180	41.1	0	30.0	0.2	2	37.98	29.949	26.131
30.05	309.12	309.12	90	89	180	41.27	0	30.05	0.2	2	37.89	29.912	26.105
30.09	306.47	306.47	90	89	180	41.32	0	30.09	0.2	2	37.82	29.87	26.079
30.16	303.61	303.61	90	89	180	41.02	0	30.16	0.2	2	37.74	29.837	26.053
30.38	303.67	303.67	90	89	180	38.53	0	30.38	0.2	2	37.62	29.801	26.026
30.54	301.45	301.45	90	89	180	36.55	0	30.54	0.2	2	37.55	29.768	25.994
30.21	302.24	302.24	90	89	180	41.08	0	30.21	0.2	2	37.48	29.726	25.967
29.94	304.5	304.5	90	89	180	42.16	0	29.94	0.2	2	37.4	29.693	25.944
29.78	307.37	307.37	90	89	180	42.19	0	29.78	0.2	2	37.32	29.66	25.908
29.72	301.26	301.26	90	89	180	39.08	0	29.72	0.2	2	37.01	29.634	25.882
29.57	305.14	305.14	90	89	180	39.72	0	29.57	0.2	2	37.1	29.601	25.849
29.46	303.93	303.93	90	89	180	38.8	0	29.46	0.2	2	36.99	29.568	25.823
29.38	303.88	303.88	90	89	180	38.66	0	29.38	0.2	2	36.9	29.526	25.79
28.65	300.0	300.0	90	89	180	50.13	0	28.65	0.2	2	36.83	29.483	25.764
26.17	318.45	318.45	90	89	180	64.14	0	26.17	0.2	2	36.82	29.45	25.731
25.08	293.07	293.07	90	89	180	74.3	0	25.08	0.2	2	36.81	29.424	25.695
24.95	301.3	301.3	90	89	180	74.59	0	24.95	0.2	2	36.75	29.398	25.672
23.82	303.52	303.52	90	89	180	78.52	0	23.82	0.2	2	36.69	29.365	25.646
24.39	299.55	299.55	90	89	180	67.41	0	24.39	0.2	2	36.66	29.355	25.613
24.67	301.47	301.47	90	89	180	67.66	0	24.67	0.2	2	36.48	29.316	25.577
24.71	298.99	298.99	90	89	180	61.7	0	24.71	0.2	2	36.29	29.274	25.545
24.83	301.26	301.26	90	89	180	58.14	0	24.83	0.2	2	36.09	29.215	25.502
25.05	303.99	303.99	90	89	180	58.63	0	25.05	0.2	2	35.59	29.146	25.459
24.08	298.95	298.95	90	89	180	67.01	0	24.08	0.2	2	35.8	29.103	25.427
24.32	310.91	310.91	90	89	180	59.94	0	24.32	0.2	2	35.61	29.07	25.384
24.36	304.5	304.5	90	89	180	61.57	0	24.36	0.2	2	35.44	29.025	25.341
24.24	305.4	305.4	90	89	180	63.14	0	24.24	0.2	2	34.99	28.982	25.299
24.21	308.56	308.56	90	89	180	64.12	0	24.21	0.2	2	35.11	28.956	25.256
24.17	307.54	307.54	90	89	180	63.54	0	24.17	0.2	2	34.95	28.913	25.204
24.13	310.16	310.16	90	89	180	63.26	0	24.13	0.2	2	34.79	28.88	25.161
24.28	308.65	308.65	90	89	180	61.98	0	24.28	0.2	2	34.59	28.844	25.119
24.34	309.89	309.89	90	89	180	61.5	0	24.34	0.2	2	34.42	28.802	25.07
24.35	308.46	308.46	90	89	180	61.58	0	24.35	0.2	2	34.26	28.759	25.027
24.38	307.99	307.99	90	89	180	60.64	0	24.38	0.2	2	34.11	28.72	24.975
24.42	307.71	307.71	90	89	180	58.02	0	24.42	0.2	2	33.95	28.694	24.932
24.38	308.37	308.37	90	89	180	59.6	0	24.38	0.2	2	33.83	28.651	24.883
24.66	306.49	306.49	90	89	180	55.6	0	24.66	0.2	2	33.66	28.618	24.84
24.03	305.87	305.87	90	89	180	60.67	0	24.03	0.2	2	33.52	28.576	24.788
25.07	302.86	302.86	90	89	180	54.67	0	25.07	0.2	2	33.35	28.533	24.745
25.38	301.68	301.68	90	89	180	54.08	0	25.38	0.2	2	33.23	28.5	24.696
25.41	303.29	303.29	90	89	180	55.43	0	25.41	0.2	2	33.16	28.458	24.653
25.57	307.02	307.02	90	89	180	56.05	0	25.57	0.2	2	33.07	28.422	24.617
25.83	314.42	314.42	90	89	180	56.24	0	25.83	0.2	2	33.02	28.389	24.568
25.68	309.57	309.57	90	89	180	57.77	0	25.68	0.2	2	32.96	28.353	24.535
25.37	309.39	309.39	90	89	180	59.92	0	25.37	0.2	2	32.94	28.32	24.499
25.2	314.01	314.01	90	89	180	61.85	0	25.2	0.2	2	32.9	28.284	24.467
25.1	318.09	318.09	90	89	180	63.06	0	25.1	0.2	2	32.83	28.258	24.434
24.94	319.71	319.71	90	89	180	65.62	0	24.94	0.2	2	32.79	28.232	24.398
24.66	323.24	323.24	90	89	180	67.7	0	24.66	0.2	2	32.76	28.199	24.365
24.72	330.18	330.18	90	89	180	68.0	0	24.72	0.2	2	32.7	28.173	24.339
24.35	298.63	298.63	90	89	180	69.7	0	24.35	0.2	2	32.68	28.146	24.316
24.16	298.16	298.16	90	89	180	70.64	0	24.16	0.2	2	32.37	28.123	24.28
24.3	300.38	300.38	90	89	180	69.6	0	24.3	0.2	2	32.56	28.097	24.257
24.46	302.17	302.17	90	89	180	68.56	0	24.46	0.2	2	32.5	28.071	24.231
24.33	332.21	332.21	90	89	180	63.76	0	24.33	0.2	2	32.46	28.055	24.198
23.92	329.99	329.99	90	89	180	66.12	0	23.92	0.2	0	32.38	28.028	24.172
